
261203340
260702932
227295904
271170963
132317092
108117313
108831053
227941304
261608802
148404099
26554245
292264582
226828225
327106055
115124695
228787686
67369633
149442038
268105553
265528894
189161839
39770224
304840620
249010980
58866386
213535191
302937024
233009709
293208866
290901795
258733943
193202171
289105215
168991424
160808163
244283953
306504908
241751603
199809699
247521426
222619111
278296106
184895807
323295300
321310502
287087574
-1001075231799
269602556
189485322
378730186
273688338
118677707
276005030
86160509
154475881
220024348
260986986
202593861
182661664
81155964
243971824
360844436
176767236
153060066
348809527
147098924
287836059
231306939
138915888
289354443
166702342
328605498
129493898
374479066
157472343
319826191
322403286
126795675
312868514
72536709
278413232
258698842
297385263
183936028
249038693
337740928
373268359
118058397
249555587
323019692
127049734
142015790
286762214
205961168
30262506
-1001086137013
